536

1100111111 14. 6·

41111101 4111911 13, 0.

81οχ01101013μ1101 403, 00.

&tumeam 400, 3.

40016170901 37100101 146, 9

Ι11171000179101161 400, 4.

4470411901 141, 15.

113001θῇ101 7111οῐ1111 1 1 1, 0. 103,
10.·109, 9. 161, 11. 191, 7.

1131011τό1 305, 17.

1601600961111430, 18.

εὐσκιόφυλλος 75,10.

16006410101400, 00.

4107036010 403, 03.

1070011461 401, 01.

01101 1111111510· ³⁵⁶, ¹0·

4711018011 090, 0.

4710914911 183, 0.

’1311140101 38, 14.

6010110161 408, 13. 410, 7. 403, 3.

0014 13,0. 109, 15· 121, 8. 013,
1440811· , ,

66411μο1 1813900101 1111 00 0117-
60191.

mr 11113714 8431111 51, 10. 75,
14.306,01.406,14. mm 1103
μη 6003610101 64, 00. 1311111
0101μῆ βουλόμενος 70, 5.

61066400001400, 3. 9. 401, 3.
00, 10.

81571171133111001400, 4. 400, 17.

94611999. 107, 5.

3111010710 1οῦ 6990613101 030, 8.

11531212⁶3⁹⁰f ‘⁸²⁴’ ²³·

31016030101 398, 0.

ἱματοφὺλαξ 100, 0.

ἴσον 405, 0.

010806101ιο0,0. 146,13.

3113333411

01οὶ0683110 416, 15.

11οΜ1011661 1311111100 9ο, 5.

34141131.311301...
10, .

000113014οι, 13.

0001001101 054, 00. 055, 4. 1101111·
1181101 197, 5.

000741001061400, 3.

11130100 417, 1. 0.

111011711ζή11 146, 13. ’
00019011111110 400, 0.

1 11111111

1101111111ιό1 56,10. 000, 1.

111100ροῦχο 146, 13.

33383338ῒῖ ῗὲ” ἑὶ·

99371704440045004 ’7⁸

0134115071 1'13, 3. 10418. nm.
106, 7. 8. 11.

011110311τεύ01 109, 10.

1111711ιά0001 115,15. 133, 00391.
17.

031900014011141, 1.

0001107960111 183, 17.

11ομ1011101 400, 10. 15. 400,14.
19. 403, 6. 17.

000711011061 400, 3.

0008061001 85, 16.

1101914004ῶο 146,14.

Κρηῐαι 101, 00.

3071010δὰ901 305, 19.

3416901084. ²¹·

31014111 405, 17. 409, 10.

3116101001 401, 18.

7107111940 400, 3. 404, 3. 8.

μακροβοὶίζεσθω 043177.

8839001101600161091111000 μ. .

0111111νο193. 00 κράτος 001
031 00.

1118119151 57, 10. 98, 10. 103, 3.
0601 111 11611901 73, 1. 040, 13.
06, .

7101071051 3071097000 019, 10.

mummola 003, 19.

111ρὸ811073, 14.

111911κὸ1 418, 00.

111σά4011 000, 00. 080, 17.

111011011κὸ1 817φί1101 004, 14.

1110111161 401, 01.

μειαγλωῐτίζειν 71, 11.

μ11041004061400, 4.

53151585351140513015117,6ι 16.

110030101901 039, 11. 053, s.

μυριαρίθμητος 96, 10. 073, 00.

μύρμυγκες 139, 8.

40313χο901 400, 0.

4113601801 050, 0.

6361130 401,13.

6911714400, 1.

ἐξ 6116013 106, 19. 03.

1311111μο01κᾶ 14941111 38701- 39414

11ομ0110161 1871111171 1 18,10.
001604110719111 93, 5.

 

