INDEX GRAMMATICUS.

,nn-m

Ad 8811111111.

’Ᾰ99111111 411, 19. 11. ’ 4 pavana 1118111χ11911841198,

113111111111411, 9. 413, 5. 15. 199, 1. 1111111111 113, 1.

:Mira 91, 9. 116, 4. 159, 9. upootaatmc ²¹7, 18. 411111-

Λ11911138, 14. 91, 9. σας 116,11.

1411111811 4111811191111191911 81911111κό1 411, 13.

138, 3. 145, 3. 19191111911399, 11.

141411 411,11. 8999911911 114, 3.

ssssffl? 6434446119, 3. mmmm 411, 11.

6111111 138, 9. 91961· 413, 9.

1115111 151, 11. 59911. 9119191111 161, 11.

ἀ411ῗέ4ῗὶ* 2¹44· ¹'· ²¹⁵’4' ''⁶’²¹‘ ’345ρῖ4ἲὲ1141. 1..

1111141149Ι 1149639114, 16. §emicem 411, 3., 6.. 1

1411169 9119 413, 19. 9111111161411, 11.

1111119111 419, 3. 9. γραμμ1111ομισῐὴς 113, 11. 115,

ἀντιλέγεσθαι i. q. 9111911811 36, 11.

11. Ι181, 14. 91111119111391, 11.
6111111111 411, 3. 1191114191195, 19.
111111111111113 1111111 138, 19. 6111111111 315, 5. 315, 14.11.
1111113111119,19. 1465. 199,19. 1111111τά111 154, 19.

119, 8. π91111111111181,19. 6191161111ς411,5. 411,14· 403,

1111134111 118,5. 151,8. 189, 19.

4.196,13. 199,18. 113,11. 1111191119. 81611111,18.11.

115, 1ο. 118, 9. 146,19. 169, 5. 31613.
δργνρόρουλλον 159, 8. 391, 4. 15.
6911191119111481, 1 . . 11191111811411,19
1996111111 141,11. 144, 11. 14. 6191911111316,9
1984113, 11913. 14019π 4111, 4. 9. 4414499411494 139ἔό111 413, 9.

8191916 ¹7· ι ², ι · · 494191446141146, 14.

16 116111611111416,15.419,15. 11149411, ι. 413, 1. 16.
411,18. 1111811111111111416, 1111419, 11.14.418,11·4191Ι4·ἱ
11. 41181111111111413,11. 15.411,11.

111161361114, 19. 395, 11. 411991911911 111, 9.

1111191111ς116,19.119,4. ‹ 1111114315, 19.

1911911111 148, 9. 1118111111 141, 9. ι

9191111 111119 181, 3. 1111111311. 11 1111119111111

8191111111 111, 3. 11191111111136, 16.

 

